0 0
1785117 184
1786682 128
1786683 120
1786687 184
1786688 192
1786689 188
1786690 216
1786691 188
1786692 192
1786693 260
1786695 212
1786696 188
1786697 204
1786698 188
1786699 188
1786700 184
1786702 188
1786703 184
1786704 212
1786705 120
1786707 212
1786708 188
1786709 208
1786710 204
1786712 184
1786713 188
1786714 208
1786716 188
1786717 204
1786718 184
1786719 212
1786721 184
1786722 212
1786723 208
1786724 212
1786726 212
1786727 208
1786728 192
1786729 120
1786730 184
1786731 184
1786732 192
1786733 188
1786734 208
1786735 212
1786737 184
1786738 208
1786739 184
1786740 212
1786742 188
1786743 208
1786744 184
1786745 188
1786746 188
1786747 208
1786748 208
1786749 116
1786751 184
1786752 188
1786753 188
1786754 208
1786756 184
1786757 188
1786758 204
1786759 120
1786761 188
1786762 180
1786763 212
1786764 212
1786766 208
1786767 180
1786768 208
1786770 192
1786771 212
1786772 184
1786773 212
1786775 192
1786776 184
1786777 184
1786778 120
1786779 112
1786780 188
1786781 208
1786782 212
1786783 212
1786785 188
1786786 208
1786787 204
1786788 212
1786790 184
1786791 188
1786792 208
1786793 116
1786795 188
1786796 192
1786797 180
1786798 552
1786800 184
1786801 208
1786802 184
1786803 116
1786804 208
1786805 204
1786806 208
1786807 200
1786809 188
1786810 188
1786811 184
1786812 116
1786814 212
1786815 188
1786816 204
1786817 208
1786819 200
1786820 188
1786821 184
1786822 2920
1786823 212
1786824 212
1786825 212
1786826 184
1786827 192
1786828 116
1786829 120
1786830 212
1786831 208
1786832 188
1786833 200
1786835 188
1786836 188
1786837 192
1786838 212
1786839 208
1786840 188
1786841 188
1786842 204
1786844 188
1786845 184
1786846 212
1786847 208
1786849 208
1786850 200
1786851 212
1786852 208
1786854 188
1786855 184
1786856 188
1786857 184
1786858 188
1786859 188
1786860 184
1786861 116
1786863 184
1786864 184
1786865 184
1786866 544
1786868 208
1786869 188
1786870 188
1786871 204
1786873 208
1786874 208
1786875 184
1786876 208
1786877 184
1786878 188
1786879 192
1786880 188
1786882 208
1786883 204
1786884 192
1786885 216
1786887 212
1786888 192
1786889 180
1786890 116
1786892 208
1786893 208
1786894 208
1786895 208
1786897 188
1786898 192
1786899 212
1786900 120
1786902 188
1786903 184
1786904 188
1786905 184
1786906 188
1786907 188
1786908 184
1786909 116
1786911 184
1786912 188
1786913 188
1786914 208
1786916 212
1786917 204
1786918 120
1786921 184
1786922 212
1786923 208
1786924 188
1786925 208
1786927 184
1786928 180
1786929 192
1786930 184
1786931 208
1786932 208
1786933 212
1786934 120
1786936 212
1786937 188
1786938 204
1786939 212
1786941 192
1786942 180
1786943 120
1786944 188
1786945 188
1786946 208
1786947 184
1786948 116
1786950 208
1786951 184
1786952 120
1786954 188
1786955 196
1786956 180
1786957 204
1786959 208
1786960 184
1786961 204
1786962 208
1786964 184
1786965 208
1786966 120
1786967 188
1786968 184
1786969 208
1786970 184
1786971 204
1786973 184
1786974 188
1786975 184
1786976 120
1786978 188
1786979 188
1786980 180
1786981 208
1786983 192
1786984 208
1786985 188
1786986 120
1786988 208
1786989 208
1786990 180
1786991 204
1786992 188
1786993 188
1786994 120
1786997 184
1786998 212
1786999 188
1787000 112
1787002 184
1787003 208
1787004 208
1787005 116
1787007 188
1787008 204
1787009 188
1787010 204
1787012 212
1787013 116
1787016 184
1787017 192
1787018 188
1787019 188
1787020 212
1787022 212
1787023 216
1787024 184
1787025 116
1787027 188
1787028 184
1787029 120
1787031 212
1787032 180
1787033 184
1787034 200
1787036 208
1787037 180
1787038 180
1787039 120
1787041 212
1787042 188
1787043 184
1787044 116
1787046 212
1787047 212
1787048 112
1787049 120
1787050 184
1787051 212
1787052 184
1787053 212
1787055 216
1787056 180
1787057 208
1787058 120
1787060 212
1787061 208
1787062 180
1787063 204
1787065 184
1787066 188
1787067 212
1787068 120
1787070 188
1787071 188
1787072 120
1787074 188
1787075 216
1787076 204
1787077 212
1787078 184
1787079 188
1787080 212
1787081 116
1787084 212
1787085 204
1787086 184
1787087 548
1787089 188
1787090 208
1787091 180
1787092 112
1787094 184
1787095 188
1787096 192
1787097 180
1787098 208
1787099 204
1787100 180
1787101 116
1787103 188
1787104 212
1787105 4224
1787106 188
1787107 204
1787110 188
1787111 212
1787112 208
1787113 116
1787114 188
1787115 184
1787116 208
1787117 184
1787118 120
1787120 188
1787121 184
1787122 180
1787123 112
1787125 208
1787126 212
1787127 184
1787128 212
1787130 212
1787131 204
1787132 180
1787133 120
1787135 188
1787136 180
1787137 184
1787138 204
1787140 208
1787141 184
1787142 212
1787143 116
1787145 192
1787146 188
1787147 212
1787148 184
1787149 188
1787150 184
1787151 212
1787152 120
1787154 184
1787155 188
1787156 184
1787157 120
1787159 180
1787160 212
1787161 184
1787162 204
1787163 188
1787164 188
1787165 184
1787166 208
1787168 208
1787169 204
1787170 180
1787171 116
1787173 196
1787174 180
1787175 216
1787176 208
1787178 192
1787179 184
1787180 184
1787181 184
1787182 188
1787183 192
1787184 188
1787185 200
1787187 184
1787188 208
1787189 208
1787190 112
1787192 184
1787193 180
1787194 200
1787196 192
1787197 180
1787198 208
1787199 204
1787201 116
1787202 184
1787204 188
1787205 208
1787206 212
1787207 188
1787208 204
1787210 184
1787211 208
1787212 204
1787213 204
1787214 184
1787215 192
1787216 188
1787217 184
1787218 120
1787220 184
1787221 204
1787222 204
1787223 208
1787225 208
1787226 184
1787227 208
1787228 208
1787229 212
1787230 184
1787231 212
1787232 204
1787234 184
1787235 180
1787236 204
1787237 208
1787239 188
1787240 184
1787241 184
1787242 116
1787244 188
1787245 212
1787246 212
1787247 548
1787248 208
1787249 212
1787250 208
1787251 116
1787252 180
1787253 208
1787254 212
1787255 208
1787256 204
1787258 188
1787259 188
1787260 208
1787261 212
1787263 188
1787264 192
1787265 188
1787266 208
1787267 208
1787268 208
1787269 180
1787270 120
1787271 184
1787272 196
1787273 192
1787274 188
1787275 212
1787276 184
1787277 204
1787278 208
1787279 192
1787280 112
1787282 184
1787283 184
1787284 184
1787285 552
1787287 188
1787288 184
1787289 208
1787290 120
1787292 212
1787293 3896
1787294 184
1787295 208
1787297 212
1787298 188
1787299 188
1787300 208
1787301 208
1787302 200
1787303 188
1787304 184
1787305 188
1787306 212
1787308 208
1787309 188
1787310 184
1787311 208
1787313 188
1787314 184
1787315 200
1787316 116
1787318 204
1787319 188
1787320 212
1787322 184
1787323 204
1787324 200
1787325 204
1787327 208
1787328 188
1787329 216
1787330 116
1787331 188
1787332 188
1787333 184
1787334 192
1787335 180
1787336 184
1787337 188
1787338 184
1787339 204
1787341 188
1787342 184
1787343 188
1787344 212
1787345 212
1787346 188
1787347 184
1787348 184
1787349 188
1787350 184
1787351 208
1787352 184
1787353 120
1787355 184
1787356 188
1787357 204
1787358 204
1787360 188
1787361 204
1787362 116
1787363 116
1787365 212
1787366 192
1787367 192
1787368 180
1787369 184
1787370 188
1787371 208
1787372 208
1787374 188
1787375 184
1787376 192
1787377 208
1787378 184
1787379 212
1787380 184
1787381 204
1787382 116
1787384 184
1787385 192
1787386 188
1787387 188
1787388 208
1787389 212
1787390 208
1787391 212
1787392 184
1787393 212
1787395 188
1787396 184
1787397 168
1787398 184
1787399 212
1787400 208
1787401 188
1787402 208
1787404 180
1787405 180
1787406 184
1787407 116
1787409 188
1787410 184
1787411 184
1787412 208
1787413 200
1787414 208
1787415 188
1787416 116
1787417 112
1787418 212
1787419 184
1787420 208
1787421 188
1787422 180
1787423 188
1787424 188
1787425 200
1787426 120
1787428 208
1787429 200
1787430 208
1787431 212
1787433 184
1787434 204
1787435 200
1787436 116
1787438 204
1787439 184
1787440 120
1787441 180
1787442 188
1787443 184
1787444 188
1787445 112
1787447 208
1787448 184
1787449 212
1787450 212
1787452 188
1787453 188
1787454 192
1787455 112
1787457 208
1787458 200
1787459 208
1787460 116
1787462 192
1787463 188
1787464 204
1787466 212
1787467 180
1787468 208
1787469 112
1787471 204
1787472 184
1787473 188
1787474 116
1787476 192
1787477 192
1787478 188
1787479 208
1787480 200
1787481 188
1787482 184
1787483 120
1787485 208
1787486 184
1787487 208
1787489 184
1787490 188
1787491 184
1787492 184
1787493 204
1787494 120
1787496 188
1787497 184
1787498 188
1787499 204
1787501 180
1787502 212
1787503 192
1787504 120
1787506 208
1787507 212
1787508 188
1787509 188
1787510 184
1787511 184
1787512 212
1787513 120
1787515 188
1787516 184
1787517 204
1787518 204
1787519 192
1787520 180
1787521 188
1787522 112
1787524 212
1787525 188
1787526 184
1787527 200
1787529 188
1787530 184
1787531 188
1787532 120
1787534 188
1787535 184
1787536 212
1787537 212
1787539 184
1787540 204
1787541 208
1787542 116
1787543 204
1787544 212
1787545 184
1787546 212
1787547 208
1787549 208
1787550 208
1787551 188
1787552 208
1787553 184
1787554 212
1787555 208
1787556 188
1787557 180
1787558 188
1787559 184
1787560 188
1787561 116
1787563 188
1787564 184
1787565 200
1787566 112
1787568 188
1787569 208
1787570 116
1787571 180
1787572 184
1787573 188
1787574 184
1787575 116
1787576 184
1787577 212
1787578 208
1787579 208
1787580 188
1787581 212
1787582 200
1787583 208
1787584 208
1787585 116
1787587 188
1787588 184
1787589 120
1787590 120
1787592 188
1787593 188
1787594 184
1787595 204
1787597 212
1787598 244
1787599 192
1787600 116
1787602 188
1787603 204
1787604 204
1787605 112
1787607 184
1787608 184
1787609 116
1787611 208
1787612 192
1787613 204
1787614 212
1787616 188
1787617 200
1787618 112
1787619 192
1787620 204
1787621 208
1787622 184
1787623 116
1787625 208
1787626 184
1787627 180
1787628 548
1787629 212
1787630 208
1787631 192
1787632 212
1787633 116
1787635 184
1787636 180
1787637 212
1787638 180
1787639 212
1787640 188
1787641 184
1787642 112
1787644 184
1787645 212
1787646 188
1787647 116
1787649 184
1787650 204
1787651 188
1787652 116
1787654 184
1787655 184
1787656 208
1787657 204
1787659 208
1787660 188
1787661 208
1787663 188
1787664 184
1787665 180
1787666 548
1787668 204
1787669 188
1787670 192
1787671 116
1787674 204
1787675 212
1787676 208
1787677 184
1787678 208
1787680 184
1787681 208
1787684 208
1787685 188
1787686 208
1787687 204
1787689 192
1787690 184
1787691 184
1787692 204
1787694 212
1787695 208
1787696 188
1787697 120
1787699 208
1787700 180
1787701 204
1787703 204
1787704 188
1787705 208
1787706 208
1787708 184
1787709 200
1787710 180
1787711 204
1787713 184
1787714 184
1787715 204
1787716 188
1787717 184
1787718 184
1787719 188
1787720 208
1787722 184
1787723 184
1787724 188
1787725 212
1787727 208
1787728 184
1787729 188
1787730 116
1787732 184
1787733 204
1787734 188
1787735 176
1787736 188
1787737 212
1787738 208
1787739 204
1787741 180
1787742 200
1787743 188
1787744 204
1787746 208
1787747 180
1787748 116
1787749 184
1787750 188
1787751 188
1787752 184
1787753 208
1787755 192
1787756 204
1787757 212
1787758 204
1787760 216
1787761 184
1787762 212
1787763 208
1787765 180
1787766 116
1787768 208
1787769 188
1787770 184
1787771 208
1787772 180
1787773 180
1787774 184
1787775 188
1787776 204
1787777 124
1787779 184
1787780 188
1787781 184
1787782 208
1787784 184
1787785 180
1787786 180
1787787 116
1787788 188
1787789 212
1787790 208
1787791 212
1787792 204
1787794 188
1787795 200
1787796 196
1787797 184
1787798 184
1787799 180
1787800 180
1787801 208
1787803 208
1787804 208
1787805 188
1787806 208
1787808 184
1787809 180
1787810 180
1787811 204
1787812 212
1787813 204
1787814 208
1787815 180
1787816 208
1787817 184
1787818 208
1787819 212
1787820 212
1787822 208
1787823 188
1787824 184
1787825 200
1787827 184
1787828 208
1787829 188
1787830 212
1787832 184
1787833 208
1787834 208
1787836 184
1787837 188
1787838 188
1787839 116
1787841 184
1787842 184
1787843 208
1787844 208
1787846 184
1787847 188
1787848 156
1787849 208
1787850 216
1787851 188
1787852 184
1787853 208
1787855 192
1787856 184
1787857 180
1787858 204
1787859 184
1787860 184
1787861 204
1787862 184
1787863 192
1787864 116
1787866 188
1787867 184
1787868 204
1787870 184
