0 0
1785117 160
1786682 188
1786683 200
1786687 184
1786688 120
1786689 116
1786690 112
1786691 124
1786692 120
1786693 116
1786695 112
1786696 116
1786697 120
1786698 112
1786699 116
1786700 196
1786702 116
1786703 116
1786704 120
1786705 112
1786707 112
1786708 116
1786709 116
1786710 120
1786712 124
1786713 116
1786714 116
1786716 120
1786717 120
1786718 116
1786719 120
1786721 116
1786722 112
1786723 120
1786724 120
1786726 116
1786727 116
1786728 116
1786729 116
1786730 112
1786731 112
1786732 116
1786733 116
1786734 116
1786735 112
1786737 120
1786738 116
1786739 116
1786740 112
1786742 112
1786743 120
1786744 112
1786745 200
1786746 116
1786747 116
1786748 124
1786749 120
1786751 116
1786752 116
1786753 116
1786754 124
1786756 112
1786757 112
1786758 120
1786759 120
1786761 116
1786762 112
1786763 116
1786764 120
1786766 116
1786767 116
1786768 116
1786770 116
1786771 112
1786772 124
1786773 112
1786775 112
1786776 120
1786777 112
1786778 116
1786779 180
1786780 116
1786781 120
1786782 112
1786783 116
1786785 116
1786786 120
1786787 120
1786788 112
1786790 120
1786791 116
1786792 116
1786793 120
1786795 120
1786796 112
1786797 116
1786798 112
1786800 116
1786801 120
1786802 112
1786803 116
1786804 148
1786805 120
1786806 120
1786807 120
1786809 116
1786810 116
1786811 116
1786812 120
1786814 116
1786815 116
1786816 120
1786817 120
1786819 124
1786820 116
1786821 112
1786822 952
1786823 112
1786824 116
1786825 116
1786826 112
1786827 116
1786828 112
1786829 184
1786830 112
1786831 120
1786832 112
1786833 120
1786835 116
1786836 112
1786837 112
1786838 112
1786839 120
1786840 112
1786841 120
1786842 116
1786844 112
1786845 116
1786846 116
1786847 120
1786849 116
1786850 120
1786851 116
1786852 124
1786854 112
1786855 120
1786856 120
1786857 196
1786858 116
1786859 116
1786860 120
1786861 116
1786863 120
1786864 120
1786865 124
1786866 120
1786868 116
1786869 116
1786870 116
1786871 120
1786873 116
1786874 124
1786875 120
1786876 120
1786877 124
1786878 120
1786879 112
1786880 196
1786882 116
1786883 120
1786884 116
1786885 112
1786887 112
1786888 116
1786889 116
1786890 116
1786892 116
1786893 112
1786894 116
1786895 116
1786897 116
1786898 112
1786899 116
1786900 112
1786902 112
1786903 120
1786904 112
1786905 204
1786906 112
1786907 116
1786908 116
1786909 120
1786911 116
1786912 116
1786913 116
1786914 116
1786916 112
1786917 112
1786918 116
1786921 120
1786922 112
1786923 116
1786924 120
1786925 124
1786927 116
1786928 112
1786929 116
1786930 208
1786931 116
1786932 112
1786933 116
1786934 116
1786936 116
1786937 112
1786938 120
1786939 112
1786941 120
1786942 120
1786943 112
1786944 196
1786945 116
1786946 112
1786947 120
1786948 116
1786950 120
1786951 120
1786952 116
1786954 112
1786955 120
1786956 116
1786957 112
1786959 116
1786960 116
1786961 120
1786962 116
1786964 116
1786965 116
1786966 116
1786967 200
1786968 120
1786969 120
1786970 116
1786971 120
1786973 116
1786974 112
1786975 120
1786976 116
1786978 116
1786979 112
1786980 116
1786981 116
1786983 112
1786984 116
1786985 112
1786986 112
1786988 116
1786989 116
1786990 116
1786991 120
1786992 128
1786993 116
1786994 116
1786997 120
1786998 116
1786999 120
1787000 120
1787002 120
1787003 116
1787004 116
1787005 116
1787007 112
1787008 120
1787009 112
1787010 124
1787012 124
1787013 116
1787016 124
1787017 120
1787018 112
1787019 112
1787020 112
1787022 112
1787023 116
1787024 112
1787025 116
1787027 112
1787028 120
1787029 112
1787031 112
1787032 120
1787033 116
1787034 120
1787036 116
1787037 112
1787038 116
1787039 112
1787041 112
1787042 112
1787043 120
1787044 120
1787046 124
1787047 124
1787048 120
1787049 204
1787050 116
1787051 112
1787052 120
1787053 112
1787055 112
1787056 112
1787057 116
1787058 116
1787060 116
1787061 112
1787062 116
1787063 116
1787065 112
1787066 120
1787067 112
1787068 112
1787070 124
1787071 112
1787072 112
1787074 112
1787075 112
1787076 120
1787077 112
1787078 208
1787079 124
1787080 116
1787081 116
1787084 116
1787085 120
1787086 112
1787087 116
1787089 120
1787090 124
1787091 112
1787092 120
1787094 116
1787095 116
1787096 112
1787097 200
1787098 116
1787099 120
1787100 116
1787101 116
1787103 112
1787104 116
1787105 112
1787106 116
1787107 120
1787110 124
1787111 116
1787112 120
1787113 116
1787114 204
1787115 120
1787116 120
1787117 116
1787118 112
1787120 116
1787121 112
1787122 116
1787123 116
1787125 116
1787126 116
1787127 112
1787128 112
1787130 116
1787131 120
1787132 120
1787133 112
1787135 116
1787136 116
1787137 120
1787138 116
1787140 116
1787141 116
1787142 116
1787143 116
1787145 120
1787146 116
1787147 112
1787148 200
1787149 112
1787150 112
1787151 116
1787152 116
1787154 116
1787155 120
1787156 112
1787157 116
1787159 120
1787160 116
1787161 120
1787162 124
1787163 116
1787164 112
1787165 112
1787166 116
1787168 116
1787169 116
1787170 116
1787171 116
1787173 120
1787174 120
1787175 112
1787176 120
1787178 112
1787179 120
1787180 116
1787181 196
1787182 120
1787183 124
1787184 116
1787185 116
1787187 116
1787188 116
1787189 120
1787190 116
1787192 116
1787193 116
1787194 120
1787196 112
1787197 116
1787198 116
1787199 116
1787201 116
1787202 200
1787204 116
1787205 116
1787206 116
1787207 116
1787208 120
1787210 120
1787211 120
1787212 120
1787213 120
1787214 204
1787215 116
1787216 116
1787217 120
1787218 116
1787220 120
1787221 116
1787222 112
1787223 116
1787225 116
1787226 120
1787227 120
1787228 116
1787229 116
1787230 124
1787231 112
1787232 120
1787234 116
1787235 120
1787236 116
1787237 112
1787239 112
1787240 120
1787241 120
1787242 116
1787244 116
1787245 116
1787246 120
1787247 116
1787248 168
1787249 112
1787250 120
1787251 120
1787252 200
1787253 116
1787254 116
1787255 116
1787256 120
1787258 116
1787259 112
1787260 116
1787261 112
1787263 112
1787264 116
1787265 116
1787266 116
1787267 112
1787268 120
1787269 116
1787270 124
1787271 116
1787272 120
1787273 120
1787274 116
1787275 116
1787276 200
1787277 120
1787278 112
1787279 120
1787280 120
1787282 120
1787283 120
1787284 116
1787285 116
1787287 112
1787288 120
1787289 116
1787290 112
1787292 120
1787293 112
1787294 120
1787295 116
1787297 116
1787298 112
1787299 112
1787300 116
1787301 120
1787302 124
1787303 116
1787304 116
1787305 112
1787306 120
1787308 112
1787309 112
1787310 116
1787311 116
1787313 116
1787314 112
1787315 116
1787316 116
1787318 120
1787319 112
1787320 116
1787322 120
1787323 116
1787324 116
1787325 120
1787327 116
1787328 112
1787329 112
1787330 116
1787331 120
1787332 112
1787333 120
1787334 116
1787335 204
1787336 120
1787337 116
1787338 116
1787339 116
1787341 116
1787342 120
1787343 116
1787344 116
1787345 112
1787346 116
1787347 116
1787348 120
1787349 196
1787350 120
1787351 112
1787352 112
1787353 116
1787355 116
1787356 120
1787357 116
1787358 120
1787360 124
1787361 116
1787362 116
1787363 196
1787365 112
1787366 116
1787367 116
1787368 200
1787369 120
1787370 124
1787371 116
1787372 116
1787374 112
1787375 116
1787376 116
1787377 116
1787378 120
1787379 112
1787380 120
1787381 120
1787382 120
1787384 116
1787385 120
1787386 116
1787387 3896
1787388 116
1787389 116
1787390 116
1787391 120
1787392 120
1787393 112
1787395 116
1787396 112
1787397 116
1787398 200
1787399 116
1787400 120
1787401 116
1787402 116
1787404 116
1787405 120
1787406 120
1787407 112
1787409 116
1787410 116
1787411 116
1787412 112
1787413 148
1787414 116
1787415 120
1787416 120
1787417 180
1787418 148
1787419 116
1787420 116
1787421 116
1787422 200
1787423 116
1787424 116
1787425 116
1787426 116
1787428 116
1787429 116
1787430 116
1787431 120
1787433 120
1787434 116
1787435 120
1787436 120
1787438 120
1787439 116
1787440 112
1787441 204
1787442 116
1787443 120
1787444 116
1787445 120
1787447 116
1787448 120
1787449 112
1787450 112
1787452 116
1787453 112
1787454 112
1787455 116
1787457 116
1787458 120
1787459 116
1787460 112
1787462 112
1787463 116
1787464 116
1787466 116
1787467 120
1787468 112
1787469 116
1787471 120
1787472 116
1787473 116
1787474 116
1787476 116
1787477 112
1787478 116
1787479 120
1787480 120
1787481 112
1787482 112
1787483 112
1787485 160
1787486 116
1787487 124
1787489 120
1787490 116
1787491 116
1787492 116
1787493 120
1787494 112
1787496 116
1787497 116
1787498 116
1787499 116
1787501 116
1787502 116
1787503 116
1787504 112
1787506 116
1787507 112
1787508 112
1787509 204
1787510 120
1787511 120
1787512 116
1787513 116
1787515 112
1787516 112
1787517 120
1787518 116
1787519 112
1787520 116
1787521 112
1787522 120
1787524 112
1787525 124
1787526 116
1787527 120
1787529 112
1787530 112
1787531 120
1787532 112
1787534 116
1787535 120
1787536 112
1787537 112
1787539 116
1787540 120
1787541 112
1787542 112
1787543 132
1787544 112
1787545 120
1787546 116
1787547 116
1787549 116
1787550 116
1787551 112
1787552 116
1787553 120
1787554 116
1787555 116
1787556 112
1787557 200
1787558 120
1787559 112
1787560 112
1787561 120
1787563 116
1787564 112
1787565 116
1787566 120
1787568 112
1787569 120
1787570 116
1787571 200
1787572 116
1787573 116
1787574 112
1787575 120
1787576 120
1787577 116
1787578 116
1787579 112
1787580 112
1787581 116
1787582 116
1787583 120
1787584 116
1787585 116
1787587 116
1787588 112
1787589 112
1787590 112
1787592 116
1787593 116
1787594 116
1787595 116
1787597 116
1787598 112
1787599 112
1787600 116
1787602 116
1787603 116
1787604 116
1787605 116
1787607 116
1787608 120
1787609 112
1787611 112
1787612 112
1787613 120
1787614 120
1787616 112
1787617 120
1787618 120
1787619 204
1787620 120
1787621 116
1787622 116
1787623 112
1787625 116
1787626 112
1787627 116
1787628 120
1787629 112
1787630 116
1787631 116
1787632 116
1787633 120
1787635 120
1787636 116
1787637 112
1787638 200
1787639 116
1787640 112
1787641 120
1787642 120
1787644 112
1787645 112
1787646 116
1787647 120
1787649 124
1787650 120
1787651 116
1787652 120
1787654 116
1787655 116
1787656 116
1787657 116
1787659 116
1787660 116
1787661 116
1787663 112
1787664 116
1787665 116
1787666 116
1787668 120
1787669 112
1787670 116
1787671 116
1787674 120
1787675 124
1787676 116
1787677 116
1787678 116
1787680 116
1787681 128
1787684 112
1787685 120
1787686 116
1787687 120
1787689 116
1787690 120
1787691 120
1787692 124
1787694 116
1787695 116
1787696 120
1787697 116
1787699 116
1787700 116
1787701 116
1787703 120
1787704 112
1787705 112
1787706 112
1787708 120
1787709 116
1787710 116
1787711 120
1787713 120
1787714 120
1787715 112
1787716 204
1787717 120
1787718 116
1787719 116
1787720 116
1787722 120
1787723 116
1787724 112
1787725 112
1787727 116
1787728 120
1787729 112
1787730 116
1787732 120
1787733 116
1787734 116
1787735 204
1787736 112
1787737 112
1787738 116
1787739 120
1787741 120
1787742 116
1787743 116
1787744 120
1787746 120
1787747 112
1787748 116
1787749 208
1787750 112
1787751 112
1787752 116
1787753 112
1787755 124
1787756 120
1787757 112
1787758 120
1787760 112
1787761 120
1787762 116
1787763 120
1787765 120
1787766 120
1787768 120
1787769 112
1787770 112
1787771 124
1787772 116
1787773 200
1787774 116
1787775 112
1787776 116
1787777 112
1787779 120
1787780 116
1787781 120
1787782 116
1787784 116
1787785 120
1787786 116
1787787 116
1787788 116
1787789 112
1787790 112
1787791 112
1787792 120
1787794 112
1787795 116
1787796 120
1787797 196
1787798 120
1787799 116
1787800 120
1787801 120
1787803 116
1787804 112
1787805 116
1787806 116
1787808 120
1787809 116
1787810 120
1787811 116
1787812 116
1787813 120
1787814 116
1787815 120
1787816 120
1787817 116
1787818 112
1787819 116
1787820 112
1787822 116
1787823 116
1787824 112
1787825 116
1787827 116
1787828 116
1787829 112
1787830 116
1787832 116
1787833 116
1787834 112
1787836 120
1787837 116
1787838 116
1787839 120
1787841 120
1787842 112
1787843 120
1787844 116
1787846 116
1787847 112
1787848 116
1787849 116
1787850 112
1787851 116
1787852 116
1787853 116
1787855 124
1787856 120
1787857 116
1787858 120
1787859 112
1787860 120
1787861 120
1787862 124
1787863 120
1787864 116
1787866 120
1787867 120
1787868 120
1787870 116
