0 0
1785117 184
1786682 204
1786683 120
1786687 208
1786688 172
1786689 188
1786690 188
1786691 188
1786692 188
1786693 188
1786695 184
1786696 184
1786697 184
1786698 188
1786699 184
1786700 120
1786702 184
1786703 184
1786704 184
1786705 184
1786707 184
1786708 180
1786709 184
1786710 116
1786712 188
1786713 184
1786714 184
1786716 184
1786717 188
1786718 180
1786719 136
1786721 188
1786722 184
1786723 180
1786724 120
1786726 116
1786727 184
1786728 180
1786729 116
1786730 184
1786731 120
1786732 184
1786733 184
1786734 188
1786735 120
1786737 116
1786738 180
1786739 184
1786740 120
1786742 188
1786743 184
1786744 180
1786745 112
1786746 184
1786747 188
1786748 184
1786749 116
1786751 184
1786752 116
1786753 116
1786754 240
1786756 180
1786757 188
1786758 184
1786759 116
1786761 184
1786762 180
1786763 184
1786764 112
1786766 184
1786767 180
1786768 184
1786770 180
1786771 120
1786772 188
1786773 224
1786775 184
1786776 184
1786777 184
1786778 120
1786779 188
1786780 180
1786781 184
1786782 188
1786783 116
1786785 180
1786786 184
1786787 188
1786788 148
1786790 180
1786791 184
1786792 184
1786793 116
1786795 184
1786796 184
1786797 180
1786798 120
1786800 184
1786801 184
1786802 180
1786803 112
1786804 184
1786805 188
1786806 184
1786807 112
1786809 184
1786810 184
1786811 180
1786812 184
1786814 188
1786815 184
1786816 188
1786817 116
1786819 188
1786820 184
1786821 184
1786822 116
1786823 184
1786824 180
1786825 188
1786826 184
1786827 184
1786828 120
1786829 160
1786830 184
1786831 184
1786832 188
1786833 112
1786835 184
1786836 184
1786837 184
1786838 120
1786839 188
1786840 188
1786841 184
1786842 148
1786844 188
1786845 180
1786846 184
1786847 116
1786849 184
1786850 180
1786851 184
1786852 116
1786854 180
1786855 184
1786856 184
1786857 120
1786858 184
1786859 188
1786860 188
1786861 116
1786863 184
1786864 184
1786865 180
1786866 116
1786868 184
1786869 180
1786870 184
1786871 112
1786873 184
1786874 184
1786875 184
1786876 116
1786877 192
1786878 184
1786879 184
1786880 120
1786882 184
1786883 188
1786884 184
1786885 120
1786887 188
1786888 180
1786889 184
1786890 116
1786892 180
1786893 180
1786894 184
1786895 112
1786897 184
1786898 188
1786899 180
1786900 120
1786902 188
1786903 180
1786904 188
1786905 112
1786906 184
1786907 180
1786908 180
1786909 112
1786911 188
1786912 180
1786913 184
1786914 116
1786916 188
1786917 184
1786918 116
1786921 184
1786922 188
1786923 184
1786924 184
1786925 112
1786927 192
1786928 180
1786929 180
1786930 116
1786931 184
1786932 180
1786933 180
1786934 184
1786936 180
1786937 188
1786938 184
1786939 120
1786941 184
1786942 180
1786943 180
1786944 120
1786945 184
1786946 180
1786947 188
1786948 112
1786950 180
1786951 184
1786952 188
1786954 188
1786955 180
1786956 180
1786957 120
1786959 192
1786960 192
1786961 180
1786962 120
1786964 184
1786965 184
1786966 184
1786967 112
1786968 184
1786969 188
1786970 188
1786971 180
1786973 184
1786974 184
1786975 188
1786976 116
1786978 184
1786979 188
1786980 184
1786981 112
1786983 184
1786984 184
1786985 188
1786986 180
1786988 180
1786989 184
1786990 180
1786991 112
1786992 196
1786993 184
1786994 188
1786997 180
1786998 184
1786999 184
1787000 184
1787002 184
1787003 184
1787004 184
1787005 116
1787007 188
1787008 188
1787009 184
1787010 112
1787012 184
1787013 180
1787016 184
1787017 184
1787018 188
1787019 180
1787020 120
1787022 188
1787023 184
1787024 180
1787025 116
1787027 188
1787028 184
1787029 180
1787031 188
1787032 180
1787033 180
1787034 112
1787036 184
1787037 180
1787038 180
1787039 120
1787041 184
1787042 188
1787043 184
1787044 116
1787046 184
1787047 180
1787048 180
1787049 120
1787050 188
1787051 184
1787052 180
1787053 184
1787055 180
1787056 184
1787057 184
1787058 184
1787060 184
1787061 180
1787062 180
1787063 112
1787065 184
1787066 184
1787067 180
1787068 120
1787070 184
1787071 188
1787072 156
1787074 184
1787075 188
1787076 184
1787077 188
1787078 112
1787079 192
1787080 184
1787081 116
1787084 180
1787085 184
1787086 180
1787087 116
1787089 184
1787090 184
1787091 176
1787092 112
1787094 188
1787095 180
1787096 184
1787097 116
1787098 180
1787099 184
1787100 180
1787101 116
1787103 188
1787104 180
1787105 184
1787106 184
1787107 112
1787110 184
1787111 180
1787112 188
1787113 184
1787114 112
1787115 180
1787116 184
1787117 188
1787118 164
1787120 184
1787121 180
1787122 180
1787123 136
1787125 184
1787126 188
1787127 180
1787128 120
1787130 188
1787131 184
1787132 184
1787133 188
1787135 180
1787136 180
1787137 180
1787138 112
1787140 184
1787141 188
1787142 188
1787143 184
1787145 184
1787146 184
1787147 188
1787148 116
1787149 180
1787150 180
1787151 184
1787152 180
1787154 188
1787155 180
1787156 184
1787157 112
1787159 188
1787160 188
1787161 184
1787162 112
1787163 184
1787164 188
1787165 188
1787166 188
1787168 184
1787169 180
1787170 180
1787171 116
1787173 184
1787174 176
1787175 188
1787176 116
1787178 184
1787179 184
1787180 188
1787181 120
1787182 184
1787183 188
1787184 184
1787185 116
1787187 192
1787188 188
1787189 184
1787190 116
1787192 188
1787193 180
1787194 180
1787196 184
1787197 180
1787198 180
1787199 112
1787201 188
1787202 116
1787204 184
1787205 184
1787206 188
1787207 184
1787208 252
1787210 184
1787211 184
1787212 184
1787213 180
1787214 112
1787215 180
1787216 184
1787217 180
1787218 120
1787220 180
1787221 180
1787222 176
1787223 116
1787225 180
1787226 184
1787227 184
1787228 116
1787229 184
1787230 184
1787231 184
1787232 184
1787234 184
1787235 180
1787236 180
1787237 116
1787239 184
1787240 184
1787241 180
1787242 116
1787244 180
1787245 188
1787246 180
1787247 116
1787248 184
1787249 180
1787250 184
1787251 184
1787252 116
1787253 184
1787254 184
1787255 184
1787256 196
1787258 184
1787259 184
1787260 184
1787261 120
1787263 180
1787264 180
1787265 184
1787266 116
1787267 184
1787268 184
1787269 184
1787270 124
1787271 184
1787272 184
1787273 184
1787274 184
1787275 188
1787276 116
1787277 184
1787278 180
1787279 184
1787280 116
1787282 180
1787283 184
1787284 180
1787285 116
1787287 188
1787288 188
1787289 184
1787290 120
1787292 188
1787293 184
1787294 184
1787295 116
1787297 184
1787298 188
1787299 188
1787300 188
1787301 116
1787302 192
1787303 184
1787304 192
1787305 188
1787306 112
1787308 184
1787309 188
1787310 188
1787311 116
1787313 184
1787314 180
1787315 180
1787316 112
1787318 188
1787319 180
1787320 188
1787322 188
1787323 176
1787324 180
1787325 112
1787327 192
1787328 188
1787329 184
1787330 120
1787331 188
1787332 188
1787333 188
1787334 184
1787335 112
1787336 184
1787337 188
1787338 180
1787339 116
1787341 184
1787342 180
1787343 184
1787344 120
1787345 188
1787346 184
1787347 188
1787348 188
1787349 116
1787350 184
1787351 180
1787352 180
1787353 116
1787355 184
1787356 184
1787357 184
1787358 112
1787360 184
1787361 180
1787362 180
1787363 120
1787365 188
1787366 180
1787367 180
1787368 112
1787369 184
1787370 184
1787371 184
1787372 120
1787374 180
1787375 184
1787376 184
1787377 116
1787378 188
1787379 184
1787380 180
1787381 184
1787382 116
1787384 184
1787385 184
1787386 180
1787387 116
1787388 184
1787389 180
1787390 184
1787391 192
1787392 184
1787393 120
1787395 184
1787396 180
1787397 180
1787398 120
1787399 188
1787400 180
1787401 180
1787402 152
1787404 184
1787405 180
1787406 184
1787407 188
1787409 184
1787410 180
1787411 180
1787412 116
1787413 180
1787414 188
1787415 184
1787416 184
1787417 192
1787418 184
1787419 188
1787420 184
1787421 184
1787422 116
1787423 184
1787424 184
1787425 180
1787426 200
1787428 184
1787429 180
1787430 180
1787431 112
1787433 184
1787434 180
1787435 176
1787436 112
1787438 188
1787439 180
1787440 188
1787441 112
1787442 184
1787443 188
1787444 184
1787445 152
1787447 188
1787448 188
1787449 188
1787450 116
1787452 180
1787453 184
1787454 184
1787455 116
1787457 184
1787458 180
1787459 192
1787460 184
1787462 184
1787463 184
1787464 180
1787466 188
1787467 180
1787468 180
1787469 116
1787471 188
1787472 184
1787473 184
1787474 180
1787476 184
1787477 120
1787478 184
1787479 112
1787480 180
1787481 184
1787482 188
1787483 184
1787485 184
1787486 184
1787487 124
1787489 184
1787490 184
1787491 192
1787492 188
1787493 188
1787494 180
1787496 184
1787497 188
1787498 184
1787499 116
1787501 180
1787502 188
1787503 180
1787504 180
1787506 180
1787507 184
1787508 188
1787509 112
1787510 184
1787511 184
1787512 188
1787513 184
1787515 188
1787516 180
1787517 180
1787518 112
1787519 184
1787520 180
1787521 180
1787522 180
1787524 184
1787525 184
1787526 180
1787527 112
1787529 184
1787530 188
1787531 184
1787532 188
1787534 112
1787535 192
1787536 184
1787537 120
1787539 184
1787540 180
1787541 180
1787542 184
1787543 184
1787544 184
1787545 184
1787546 184
1787547 116
1787549 184
1787550 188
1787551 184
1787552 180
1787553 184
1787554 180
1787555 184
1787556 180
1787557 116
1787558 184
1787559 184
1787560 180
1787561 112
1787563 184
1787564 180
1787565 180
1787566 112
1787568 188
1787569 184
1787570 188
1787571 112
1787572 188
1787573 184
1787574 188
1787575 112
1787576 184
1787577 184
1787578 184
1787579 180
1787580 188
1787581 116
1787582 180
1787583 184
1787584 192
1787585 184
1787587 184
1787588 180
1787589 184
1787590 184
1787592 184
1787593 184
1787594 188
1787595 112
1787597 180
1787598 188
1787599 184
1787600 116
1787602 180
1787603 180
1787604 180
1787605 116
1787607 188
1787608 180
1787609 184
1787611 184
1787612 184
1787613 184
1787614 112
1787616 180
1787617 180
1787618 176
1787619 112
1787620 184
1787621 180
1787622 184
1787623 184
1787625 184
1787626 180
1787627 180
1787628 112
1787629 180
1787630 188
1787631 184
1787632 188
1787633 116
1787635 180
1787636 184
1787637 184
1787638 116
1787639 180
1787640 188
1787641 180
1787642 116
1787644 180
1787645 184
1787646 184
1787647 112
1787649 180
1787650 184
1787651 180
1787652 116
1787654 184
1787655 188
1787656 184
1787657 116
1787659 184
1787660 180
1787661 180
1787663 188
1787664 184
1787665 180
1787666 112
1787668 184
1787669 180
1787670 180
1787671 116
1787674 188
1787675 184
1787676 184
1787677 184
1787678 116
1787680 184
1787681 120
1787684 184
1787685 184
1787686 184
1787687 232
1787689 180
1787690 184
1787691 184
1787692 112
1787694 180
1787695 116
1787696 184
1787697 120
1787699 188
1787700 180
1787701 180
1787703 184
1787704 188
1787705 180
1787706 120
1787708 184
1787709 192
1787710 180
1787711 112
1787713 188
1787714 180
1787715 188
1787716 112
1787717 180
1787718 180
1787719 180
1787720 116
1787722 180
1787723 180
1787724 180
1787725 120
1787727 184
1787728 184
1787729 180
1787730 116
1787732 180
1787733 180
1787734 184
1787735 112
1787736 180
1787737 180
1787738 184
1787739 112
1787741 180
1787742 192
1787743 184
1787744 112
1787746 184
1787747 176
1787748 180
1787749 120
1787750 184
1787751 184
1787752 188
1787753 164
1787755 184
1787756 184
1787757 188
1787758 112
1787760 188
1787761 184
1787762 188
1787763 112
1787765 176
1787766 168
1787768 184
1787769 180
1787770 184
1787771 184
1787772 180
1787773 116
1787774 188
1787775 188
1787776 180
1787777 120
1787779 180
1787780 184
1787781 188
1787782 116
1787784 192
1787785 180
1787786 180
1787787 112
1787788 180
1787789 188
1787790 184
1787791 180
1787792 116
1787794 180
1787795 180
1787796 184
1787797 120
1787798 184
1787799 180
1787800 180
1787801 112
1787803 184
1787804 180
1787805 184
1787806 116
1787808 188
1787809 180
1787810 180
1787811 112
1787812 180
1787813 184
1787814 188
1787815 180
1787816 116
1787817 192
1787818 180
1787819 184
1787820 256
1787822 180
1787823 184
1787824 188
1787825 116
1787827 188
1787828 180
1787829 188
1787830 116
1787832 184
1787833 180
1787834 180
1787836 184
1787837 188
1787838 184
1787839 112
1787841 188
1787842 184
1787843 188
1787844 116
1787846 188
1787847 188
1787848 180
1787849 116
1787850 188
1787851 184
1787852 188
1787853 184
1787855 184
1787856 184
1787857 180
1787858 112
1787859 188
1787860 184
1787861 184
1787862 184
1787863 184
1787864 112
1787866 184
1787867 188
1787868 184
1787870 180
